{
  "tacred": 3890,
  "tacred_avg_delta": 0.9482527999331037,
  "fewrel": 3857,
  "fewrel_avg_delta": 0.9508297053500587,
  "RAMS-eae": 3876,
  "RAMS-eae_avg_delta": 0.9462855975654482,
  "ace2005-ner": 3889,
  "ace2005-ner_avg_delta": 0.9458357344329656,
  "ace2005-ed": 3872,
  "ace2005-ed_avg_delta": 0.954006086230628,
  "ace2005-eae": 3892,
  "ace2005-eae_avg_delta": 0.9484900778853649,
  "conll-2003": 3857,
  "conll-2003_avg_delta": 0.9412849640919805,
  "maven-ed": 3885,
  "maven-ed_avg_delta": 0.949247055933528,
  "MAVEN-ERE": 3280,
  "MAVEN-ERE_avg_delta": 0.9741501020499893,
  "ontonote5": 3870,
  "ontonote5_avg_delta": 0.9469581836524835,
  "openie4": 3875,
  "openie4_avg_delta": 0.9604386406246028,
  "maven-eae": 3840,
  "maven-eae_avg_delta": 0.9478645009400839,
  "ondemand": 3781,
  "ondemand_avg_delta": 0.9816147067388601,
  "total": 49664
}