{
  "tacred": 3839,
  "tacred_avg_delta": 0.9631921578734179,
  "fewrel": 3860,
  "fewrel_avg_delta": 0.959943801922405,
  "ace2005-ed": 3892,
  "ace2005-ed_avg_delta": 0.9593185847705072,
  "conll-2003": 3871,
  "conll-2003_avg_delta": 0.950363657557996,
  "ontonote5": 3889,
  "ontonote5_avg_delta": 0.9569889141501218,
  "MAVEN-ERE": 3344,
  "MAVEN-ERE_avg_delta": 0.9780559881688113,
  "ace2005-eae": 3914,
  "ace2005-eae_avg_delta": 0.9554555994799913,
  "ace2005-ner": 3891,
  "ace2005-ner_avg_delta": 0.9540595472907992,
  "maven-ed": 3918,
  "maven-ed_avg_delta": 0.9552845084235893,
  "RAMS-eae": 3921,
  "RAMS-eae_avg_delta": 0.9519199328999675,
  "maven-eae": 3909,
  "maven-eae_avg_delta": 0.9495129079238459,
  "openie4": 3926,
  "openie4_avg_delta": 0.9652830992000336,
  "ondemand": 3826,
  "ondemand_avg_delta": 0.9826771946704617,
  "total": 50000
}