{
  "fewrel": 3880,
  "fewrel_avg_delta": 0.9527305700297863,
  "tacred": 3905,
  "tacred_avg_delta": 0.9478233901983237,
  "ace2005-ner": 3915,
  "ace2005-ner_avg_delta": 0.9435071182175704,
  "ace2005-ed": 3879,
  "ace2005-ed_avg_delta": 0.9516595028414481,
  "MAVEN-ERE": 3309,
  "MAVEN-ERE_avg_delta": 0.9772703140944479,
  "conll-2003": 3886,
  "conll-2003_avg_delta": 0.9400161697504683,
  "maven-ed": 3913,
  "maven-ed_avg_delta": 0.9502451506028418,
  "RAMS-eae": 3907,
  "RAMS-eae_avg_delta": 0.9474358966813504,
  "ace2005-eae": 3914,
  "ace2005-eae_avg_delta": 0.9478152381304412,
  "ontonote5": 3902,
  "ontonote5_avg_delta": 0.9486252453746541,
  "openie4": 3893,
  "openie4_avg_delta": 0.9623690563012145,
  "maven-eae": 3874,
  "maven-eae_avg_delta": 0.9487918738910424,
  "ondemand": 3812,
  "ondemand_avg_delta": 0.9818637401914028,
  "total": 49989
}